19 6 31 2 11 41 57 23 18 7 49 32 16 4 21 8
128
11 16 18 19 23 41
11 16 21 23 57
11 16 21 31 49
11 18 19 23 57
11 18 19 31 49
11 19 41 57
11 21 23 32 41
16 18 19 21 23 31
16 18 21 32 41
16 19 21 23 49
16 19 21 31 41
16 23 32 57
16 31 32 49
18 21 32 57
19 21 31 57
2 11 16 18 19 21 41
2 11 16 18 32 49
2 11 16 19 23 57
2 11 16 19 31 49
2 11 18 19 21 57
2 11 19 23 32 41
2 16 18 19 32 41
2 16 21 32 57
2 18 19 32 57
2 19 21 23 31 32
2 4 11 16 19 21 23 32
2 4 11 16 23 31 41
2 4 11 18 21 23 49
2 4 11 18 21 31 41
2 4 11 21 41 49
2 4 11 23 31 57
2 4 16 18 31 57
2 4 16 49 57
2 4 18 19 21 23 41
2 4 18 23 32 49
2 4 18 31 32 41
2 4 19 23 31 49
2 4 32 41 49
2 4 6 11 16 18 19 21 31
2 4 6 11 16 19 21 49
2 4 6 11 16 32 57
2 4 6 11 19 23 31 32
2 4 6 16 18 19 31 32
2 4 6 16 19 32 49
2 4 6 18 41 57
2 4 6 21 23 31 41
2 4 6 7 11 16 18 23 41
2 4 6 7 11 16 19 31 32
2 4 6 7 11 18 23 57
2 4 6 7 11 18 31 49
2 4 6 7 11 41 57
2 4 6 7 16 18 21 23 31
2 4 6 7 16 21 23 49
2 4 6 7 16 21 31 41
2 4 6 7 18 19 23 49
2 4 6 7 18 19 31 41
2 4 6 7 19 41 49
2 4 6 7 21 31 57
2 4 6 7 8 11 16 19 23 32
2 4 6 7 8 11 18 19 21 32
2 4 6 7 8 11 18 23 49
2 4 6 7 8 11 18 31 41
2 4 6 7 8 11 41 49
2 4 6 7 8 16 21 23 41
2 4 6 7 8 18 19 23 41
2 4 6 7 8 21 23 57
2 4 6 7 8 21 31 49
2 4 6 8 11 16 18 19 21 23
2 4 6 8 11 16 18 31 32
2 4 6 8 11 16 19 21 41
2 4 6 8 11 16 32 49
2 4 6 8 11 19 21 57
2 4 6 8 16 18 19 23 32
2 4 6 8 16 19 32 41
2 4 6 8 18 41 49
2 4 6 8 19 32 57
2 4 7 11 16 18 21 49
2 4 7 11 16 31 57
2 4 7 11 18 23 31 32
2 4 7 11 19 21 23 41
2 4 7 11 23 32 49
2 4 7 11 31 32 41
2 4 7 16 18 19 21 41
2 4 7 16 18 32 49
2 4 7 16 19 23 57
2 4 7 16 19 31 49
2 4 7 18 19 21 57
2 4 7 19 23 32 41
2 4 7 8 11 16 18 21 41
2 4 7 8 11 16 23 57
2 4 7 8 11 16 31 49
2 4 7 8 11 18 21 57
2 4 7 8 11 23 32 41
2 4 7 8 16 18 19 23 31
2 4 7 8 16 18 32 41
2 4 7 8 16 19 23 49
2 4 7 8 16 19 31 41
2 4 7 8 18 19 21 49
2 4 7 8 18 32 57
2 4 7 8 19 31 57
2 4 7 8 21 23 31 32
2 4 8 11 18 21 23 41
2 4 8 11 19 21 31 32
2 4 8 11 23 31 49
2 4 8 16 18 23 57
2 4 8 16 18 31 49
2 4 8 16 41 57
2 4 8 18 23 32 41
2 4 8 19 23 31 41
2 6 11 16 18 21 23 31
2 6 11 16 21 23 49
2 6 11 16 21 31 41
2 6 11 18 19 23 49
2 6 11 18 19 31 41
2 6 11 19 41 49
2 6 11 21 31 57
2 6 16 18 23 31 32
2 6 16 19 21 23 41
2 6 16 23 32 49
2 6 16 31 32 41
2 6 18 21 32 49
2 6 19 21 23 57
2 6 19 21 31 49
2 6 31 32 57
2 6 7 11 16 18 19 49
2 6 7 11 16 23 31 32
2 6 7 11 18 21 31 32
2 6 7 11 21 32 49
2 6 7 16 19 21 57
2 6 7 18 19 21 23 32
2 6 7 18 23 31 41
2 6 7 19 21 32 41
2 6 7 23 41 49
2 6 7 8 11 16 18 19 41
2 6 7 8 11 16 21 57
2 6 7 8 11 18 19 57
2 6 7 8 11 18 21 23 32
2 6 7 8 11 19 21 23 31
2 6 7 8 11 21 32 41
2 6 7 8 16 18 19 21 31
2 6 7 8 16 19 21 49
2 6 7 8 16 32 57
2 6 7 8 19 23 31 32
2 6 8 11 16 21 23 41
2 6 8 11 18 19 23 41
2 6 8 11 21 23 57
2 6 8 11 21 31 49
2 6 8 16 18 21 57
2 6 8 16 23 32 41
2 6 8 18 19 21 23 31
2 6 8 18 21 32 41
2 6 8 19 21 23 49
2 6 8 19 21 31 41
2 6 8 23 32 57
2 6 8 31 32 49
2 7 11 16 18 19 23 32
2 7 11 16 19 32 41
2 7 11 18 41 49
2 7 11 19 32 57
2 7 16 18 21 23 41
2 7 16 19 21 31 32
2 7 16 23 31 49
2 7 18 21 23 57
2 7 18 21 31 49
2 7 21 41 57
2 7 8 11 16 21 31 32
2 7 8 11 18 19 31 32
2 7 8 11 19 32 49
2 7 8 16 19 21 23 32
2 7 8 16 23 31 41
2 7 8 18 21 23 49
2 7 8 18 21 31 41
2 7 8 21 41 49
2 7 8 23 31 57
2 8 11 16 18 19 23 31
2 8 11 16 18 32 41
2 8 11 16 19 23 49
2 8 11 16 19 31 41
2 8 11 18 19 21 49
2 8 11 18 32 57
2 8 11 19 31 57
2 8 11 21 23 31 32
2 8 16 18 21 31 32
2 8 16 21 32 49
2 8 18 19 32 49
4 11 16 19 21 57
4 11 18 19 21 23 32
4 11 18 23 31 41
4 11 19 21 32 41
4 11 23 41 49
4 16 18 41 49
4 16 19 32 57
4 18 49 57
4 21 23 31 49
4 6 11 16 18 19 23 31
4 6 11 16 18 32 41
4 6 11 16 19 23 49
4 6 11 16 19 31 41
4 6 11 18 19 21 49
4 6 11 18 32 57
4 6 11 19 31 57
4 6 11 21 23 31 32
4 6 16 18 21 31 32
4 6 16 21 32 49
4 6 18 19 32 49
4 6 7 11 16 21 31 32
4 6 7 11 18 19 31 32
4 6 7 11 19 32 49
4 6 7 16 19 21 23 32
4 6 7 16 23 31 41
4 6 7 18 21 23 49
4 6 7 18 21 31 41
4 6 7 21 41 49
4 6 7 23 31 57
4 6 7 8 11 16 19 57
4 6 7 8 11 16 21 23 32
4 6 7 8 11 18 19 23 32
4 6 7 8 11 19 32 41
4 6 7 8 18 21 23 41
4 6 7 8 19 21 31 32
4 6 7 8 23 31 49
4 6 8 11 16 19 23 41
4 6 8 11 18 19 21 41
4 6 8 11 18 32 49
4 6 8 11 19 23 57
4 6 8 11 19 31 49
4 6 8 16 18 19 57
4 6 8 16 18 21 23 32
4 6 8 16 19 21 23 31
4 6 8 16 21 32 41
4 6 8 18 19 32 41
4 6 8 21 32 57
4 7 11 16 18 19 21 32
4 7 11 16 18 23 49
4 7 11 16 18 31 41
4 7 11 16 41 49
4 7 11 18 31 57
4 7 11 49 57
4 7 16 18 19 23 41
4 7 16 21 23 57
4 7 16 21 31 49
4 7 18 19 23 57
4 7 18 19 31 49
4 7 19 41 57
4 7 21 23 32 41
4 7 8 11 16 18 23 41
4 7 8 11 16 19 31 32
4 7 8 11 18 23 57
4 7 8 11 18 31 49
4 7 8 11 41 57
4 7 8 16 18 21 23 31
4 7 8 16 21 23 49
4 7 8 16 21 31 41
4 7 8 18 19 23 49
4 7 8 18 19 31 41
4 7 8 19 41 49
4 7 8 21 31 57
4 8 11 16 18 19 21 31
4 8 11 16 19 21 49
4 8 11 16 32 57
4 8 11 19 23 31 32
4 8 16 18 19 31 32
4 8 16 19 32 49
4 8 18 41 57
4 8 21 23 31 41
6 11 16 19 21 23 32
6 11 16 23 31 41
6 11 18 21 23 49
6 11 18 21 31 41
6 11 21 41 49
6 11 23 31 57
6 16 18 31 57
6 16 49 57
6 18 19 21 23 41
6 18 23 32 49
6 18 31 32 41
6 19 23 31 49
6 32 41 49
6 7 11 16 18 21 49
6 7 11 16 31 57
6 7 11 18 23 31 32
6 7 11 19 21 23 41
6 7 11 23 32 49
6 7 11 31 32 41
6 7 16 18 19 21 41
6 7 16 18 32 49
6 7 16 19 23 57
6 7 16 19 31 49
6 7 18 19 21 57
6 7 19 23 32 41
6 7 8 11 16 18 21 41
6 7 8 11 16 23 57
6 7 8 11 16 31 49
6 7 8 11 18 21 57
6 7 8 11 23 32 41
6 7 8 16 18 19 23 31
6 7 8 16 18 32 41
6 7 8 16 19 23 49
6 7 8 16 19 31 41
6 7 8 18 19 21 49
6 7 8 18 32 57
6 7 8 19 31 57
6 7 8 21 23 31 32
6 8 11 18 21 23 41
6 8 11 19 21 31 32
6 8 11 23 31 49
6 8 16 18 23 57
6 8 16 18 31 49
6 8 16 41 57
6 8 18 23 32 41
6 8 19 23 31 41
7 11 16 18 19 57
7 11 16 18 21 23 32
7 11 16 19 21 23 31
7 11 16 21 32 41
7 11 18 19 32 41
7 11 21 32 57
7 16 19 23 31 32
7 18 19 21 31 32
7 18 23 31 49
7 19 21 32 49
7 23 41 57
7 31 41 49
7 8 11 16 18 19 49
7 8 11 16 23 31 32
7 8 11 18 21 31 32
7 8 11 21 32 49
7 8 16 19 21 57
7 8 18 19 21 23 32
7 8 18 23 31 41
7 8 19 21 32 41
7 8 23 41 49
8 11 16 18 21 23 31
8 11 16 21 23 49
8 11 16 21 31 41
8 11 18 19 23 49
8 11 18 19 31 41
8 11 19 41 49
8 11 21 31 57
8 16 18 23 31 32
8 16 19 21 23 41
8 16 23 32 49
8 16 31 32 41
8 18 21 32 49
8 19 21 23 57
8 19 21 31 49
8 31 32 57
