3 11 18 9 13 10 14 2 1 31 22 44 8 5 7 6
79
1 10 11 13 44
1 11 13 14 18 22
1 11 14 22 31
1 2 10 13 22 31
1 2 10 22 44
1 2 13 14 18 31
1 2 14 18 44
1 2 3 10 14 18 31
1 2 3 11 13 18 31
1 2 3 11 18 44
1 2 3 5 10 13 14 31
1 2 3 5 10 14 44
1 2 3 5 11 13 44
1 2 3 5 6 13 18 31
1 2 3 5 6 18 44
1 2 3 5 6 7 10 13 14 18
1 2 3 5 6 7 10 14 31
1 2 3 5 6 7 11 13 31
1 2 3 5 6 7 11 44
1 2 3 5 6 7 8 11 14 22
1 2 3 5 6 7 8 9 11 13 14
1 2 3 5 6 7 9 10 14 22
1 2 3 5 6 7 9 11 13 22
1 2 3 5 6 8 10 13 31
1 2 3 5 6 8 10 44
1 2 3 5 6 8 14 18 22
1 2 3 5 6 8 9 10 13 22
1 2 3 5 6 8 9 13 14 18
1 2 3 5 6 8 9 14 31
1 2 3 5 6 9 10 11 14 18
1 2 3 5 6 9 13 18 22
1 2 3 5 6 9 22 31
1 2 3 5 7 10 11 18 22
1 2 3 5 7 8 10 11 14 18
1 2 3 5 7 8 13 18 22
1 2 3 5 7 8 22 31
1 2 3 5 7 8 9 13 31
1 2 3 5 7 8 9 44
1 2 3 5 7 9 10 11 13 18
1 2 3 5 7 9 10 11 31
1 2 3 5 8 11 13 14 22
1 2 3 5 8 11 18 31
1 2 3 5 8 9 11 18 22
1 2 3 5 9 10 13 14 22
1 2 3 5 9 10 18 31
1 2 3 6 10 13 44
1 2 3 6 13 14 18 22
1 2 3 6 14 22 31
1 2 3 6 7 11 13 14 22
1 2 3 6 7 11 18 31
1 2 3 6 7 8 10 11 13 18
1 2 3 6 7 8 10 11 31
1 2 3 6 7 8 9 10 11 22
1 2 3 6 7 8 9 11 14 18
1 2 3 6 7 9 11 18 22
1 2 3 6 8 10 13 14 22
1 2 3 6 8 10 18 31
1 2 3 6 8 9 10 18 22
1 2 3 6 9 13 14 31
1 2 3 6 9 14 44
1 2 3 7 10 11 13 14 18
1 2 3 7 10 11 14 31
1 2 3 7 13 22 31
1 2 3 7 22 44
1 2 3 7 8 13 14 31
1 2 3 7 8 14 44
1 2 3 7 8 9 13 14 22
1 2 3 7 8 9 18 31
1 2 3 7 9 10 11 14 22
1 2 3 7 9 13 44
1 2 3 8 10 11 13 31
1 2 3 8 10 11 44
1 2 3 8 11 14 18 22
1 2 3 8 9 10 11 13 22
1 2 3 8 9 11 13 14 18
1 2 3 8 9 11 14 31
1 2 3 9 10 14 18 22
1 2 3 9 11 13 18 22
1 2 3 9 11 22 31
1 2 5 13 14 44
1 2 5 18 22 31
1 2 5 6 10 11 13 31
1 2 5 6 10 11 44
1 2 5 6 11 14 18 22
1 2 5 6 7 13 14 31
1 2 5 6 7 14 44
1 2 5 6 7 8 10 18 22
1 2 5 6 7 8 9 10 13 18
1 2 5 6 7 8 9 10 31
1 2 5 6 7 9 13 14 22
1 2 5 6 7 9 18 31
1 2 5 6 8 10 11 14 22
1 2 5 6 8 13 44
1 2 5 6 8 9 10 11 13 14
1 2 5 6 9 10 11 13 22
1 2 5 6 9 11 13 14 18
1 2 5 6 9 11 14 31
1 2 5 7 10 14 18 22
1 2 5 7 11 13 18 22
1 2 5 7 11 22 31
1 2 5 7 8 10 11 13 22
1 2 5 7 8 11 13 14 18
1 2 5 7 8 11 14 31
1 2 5 7 8 9 11 14 22
1 2 5 7 9 10 13 14 18
1 2 5 7 9 10 14 31
1 2 5 7 9 11 13 31
1 2 5 7 9 11 44
1 2 5 8 10 13 18 22
1 2 5 8 10 22 31
1 2 5 8 14 18 31
1 2 5 8 9 10 13 31
1 2 5 8 9 10 44
1 2 5 8 9 14 18 22
1 2 5 9 13 18 31
1 2 5 9 18 44
1 2 6 10 11 13 14 22
1 2 6 10 11 18 31
1 2 6 7 10 13 18 22
1 2 6 7 10 22 31
1 2 6 7 14 18 31
1 2 6 7 8 10 13 14 18
1 2 6 7 8 10 14 31
1 2 6 7 8 11 13 31
1 2 6 7 8 11 44
1 2 6 7 8 9 10 14 22
1 2 6 7 8 9 11 13 22
1 2 6 7 9 10 13 31
1 2 6 7 9 10 44
1 2 6 7 9 14 18 22
1 2 6 8 13 18 31
1 2 6 8 18 44
1 2 6 8 9 10 11 14 18
1 2 6 8 9 13 18 22
1 2 6 8 9 22 31
1 2 6 9 10 11 18 22
1 2 7 11 13 14 31
1 2 7 11 14 44
1 2 7 8 10 11 18 22
1 2 7 8 9 10 11 13 18
1 2 7 8 9 10 11 31
1 2 7 9 11 13 14 22
1 2 7 9 11 18 31
1 2 8 10 13 14 31
1 2 8 10 14 44
1 2 8 11 13 44
1 2 8 9 10 13 14 22
1 2 8 9 10 18 31
1 2 9 10 13 44
1 2 9 13 14 18 22
1 2 9 14 22 31
1 3 10 11 14 18 22
1 3 13 18 44
1 3 31 44
1 3 5 10 11 13 14 22
1 3 5 10 11 18 31
1 3 5 6 10 14 18 22
1 3 5 6 11 13 18 22
1 3 5 6 11 22 31
1 3 5 6 7 10 11 14 22
1 3 5 6 7 13 44
1 3 5 6 7 8 13 14 22
1 3 5 6 7 8 18 31
1 3 5 6 7 8 9 18 22
1 3 5 6 7 9 10 11 13 14
1 3 5 6 8 10 11 13 22
1 3 5 6 8 11 13 14 18
1 3 5 6 8 11 14 31
1 3 5 6 8 9 11 14 22
1 3 5 6 9 10 13 14 18
1 3 5 6 9 10 14 31
1 3 5 6 9 11 13 31
1 3 5 6 9 11 44
1 3 5 7 10 13 18 22
1 3 5 7 10 22 31
1 3 5 7 14 18 31
1 3 5 7 8 10 13 14 18
1 3 5 7 8 10 14 31
1 3 5 7 8 11 13 31
1 3 5 7 8 11 44
1 3 5 7 8 9 10 14 22
1 3 5 7 8 9 11 13 22
1 3 5 7 9 10 13 31
1 3 5 7 9 10 44
1 3 5 7 9 14 18 22
1 3 5 8 13 18 31
1 3 5 8 18 44
1 3 5 8 9 10 11 14 18
1 3 5 8 9 13 18 22
1 3 5 8 9 22 31
1 3 5 9 10 11 18 22
1 3 6 11 13 14 31
1 3 6 11 14 44
1 3 6 7 13 18 31
1 3 6 7 18 44
1 3 6 7 8 10 13 31
1 3 6 7 8 10 44
1 3 6 7 8 14 18 22
1 3 6 7 8 9 10 13 22
1 3 6 7 8 9 13 14 18
1 3 6 7 8 9 14 31
1 3 6 7 9 10 11 14 18
1 3 6 7 9 13 18 22
1 3 6 7 9 22 31
1 3 6 8 10 11 18 22
1 3 6 8 9 10 11 13 18
1 3 6 8 9 10 11 31
1 3 6 9 11 13 14 22
1 3 6 9 11 18 31
1 3 7 10 13 14 31
1 3 7 10 14 44
1 3 7 11 13 44
1 3 7 8 11 13 14 22
1 3 7 8 11 18 31
1 3 7 8 9 11 18 22
1 3 7 9 10 13 14 22
1 3 7 9 10 18 31
1 3 8 10 13 44
1 3 8 13 14 18 22
1 3 8 14 22 31
1 3 8 9 13 14 31
1 3 8 9 14 44
1 3 9 10 11 13 14 18
1 3 9 10 11 14 31
1 3 9 13 22 31
1 3 9 22 44
1 5 10 14 18 31
1 5 11 13 18 31
1 5 11 18 44
1 5 6 10 13 44
1 5 6 13 14 18 22
1 5 6 14 22 31
1 5 6 7 11 13 14 22
1 5 6 7 11 18 31
1 5 6 7 8 10 11 13 18
1 5 6 7 8 10 11 31
1 5 6 7 8 9 10 11 22
1 5 6 7 8 9 11 14 18
1 5 6 7 9 11 18 22
1 5 6 8 10 13 14 22
1 5 6 8 10 18 31
1 5 6 8 9 10 18 22
1 5 6 9 13 14 31
1 5 6 9 14 44
1 5 7 10 11 13 14 18
1 5 7 10 11 14 31
1 5 7 13 22 31
1 5 7 22 44
1 5 7 8 13 14 31
1 5 7 8 14 44
1 5 7 8 9 13 14 22
1 5 7 8 9 18 31
1 5 7 9 10 11 14 22
1 5 7 9 13 44
1 5 8 10 11 13 31
1 5 8 10 11 44
1 5 8 11 14 18 22
1 5 8 9 10 11 13 22
1 5 8 9 11 13 14 18
1 5 8 9 11 14 31
1 5 9 10 14 18 22
1 5 9 11 13 18 22
1 5 9 11 22 31
1 6 10 13 18 31
1 6 10 18 44
1 6 7 10 11 13 31
1 6 7 10 11 44
1 6 7 11 14 18 22
1 6 7 8 10 11 14 22
1 6 7 8 13 44
1 6 7 8 9 10 11 13 14
1 6 7 9 10 11 13 22
1 6 7 9 11 13 14 18
1 6 7 9 11 14 31
1 6 8 10 14 18 22
1 6 8 11 13 18 22
1 6 8 11 22 31
1 6 8 9 10 13 14 18
1 6 8 9 10 14 31
1 6 8 9 11 13 31
1 6 8 9 11 44
1 6 9 10 13 18 22
1 6 9 10 22 31
1 6 9 14 18 31
1 7 13 14 44
1 7 18 22 31
1 7 8 10 13 18 22
1 7 8 10 22 31
1 7 8 14 18 31
1 7 8 9 10 13 31
1 7 8 9 10 44
1 7 8 9 14 18 22
1 7 9 13 18 31
1 7 9 18 44
1 8 10 11 13 14 22
1 8 10 11 18 31
1 8 9 10 11 18 22
1 9 11 13 14 31
1 9 11 14 44
10 11 13 14 31
10 11 14 44
13 22 44
2 10 13 14 18 22
2 10 14 22 31
2 11 13 22 31
2 11 22 44
2 3 10 11 13 18 22
2 3 10 11 22 31
2 3 11 14 18 31
2 3 5 11 13 14 31
2 3 5 11 14 44
2 3 5 6 10 13 18 22
2 3 5 6 10 22 31
2 3 5 6 14 18 31
2 3 5 6 7 10 11 13 22
2 3 5 6 7 11 13 14 18
2 3 5 6 7 11 14 31
2 3 5 6 7 8 10 11 13 14
2 3 5 6 7 8 9 10 11 18
2 3 5 6 7 9 11 14 22
2 3 5 6 8 10 13 14 18
2 3 5 6 8 10 14 31
2 3 5 6 8 11 13 31
2 3 5 6 8 11 44
2 3 5 6 8 9 10 14 22
2 3 5 6 8 9 11 13 22
2 3 5 6 9 10 13 31
2 3 5 6 9 10 44
2 3 5 6 9 14 18 22
2 3 5 7 13 18 31
2 3 5 7 18 44
2 3 5 7 8 10 13 31
2 3 5 7 8 10 44
2 3 5 7 8 14 18 22
2 3 5 7 8 9 10 13 22
2 3 5 7 8 9 13 14 18
2 3 5 7 8 9 14 31
2 3 5 7 9 10 11 14 18
2 3 5 7 9 13 18 22
2 3 5 7 9 22 31
2 3 5 8 10 11 18 22
2 3 5 8 9 10 11 13 18
2 3 5 8 9 10 11 31
2 3 5 9 11 13 14 22
2 3 5 9 11 18 31
2 3 6 10 13 14 31
2 3 6 10 14 44
2 3 6 11 13 44
2 3 6 7 10 11 18 22
2 3 6 7 8 10 11 14 18
2 3 6 7 8 13 18 22
2 3 6 7 8 22 31
2 3 6 7 8 9 13 31
2 3 6 7 8 9 44
2 3 6 7 9 10 11 13 18
2 3 6 7 9 10 11 31
2 3 6 8 11 13 14 22
2 3 6 8 11 18 31
2 3 6 8 9 11 18 22
2 3 6 9 10 13 14 22
2 3 6 9 10 18 31
2 3 7 10 13 44
2 3 7 13 14 18 22
2 3 7 14 22 31
2 3 7 8 10 13 14 22
2 3 7 8 10 18 31
2 3 7 8 9 10 18 22
2 3 7 9 13 14 31
2 3 7 9 14 44
2 3 8 10 11 13 14 18
2 3 8 10 11 14 31
2 3 8 13 22 31
2 3 8 22 44
2 3 8 9 10 11 14 22
2 3 8 9 13 44
2 3 9 10 11 13 31
2 3 9 10 11 44
2 3 9 11 14 18 22
2 5 10 13 18 31
2 5 10 18 44
2 5 6 10 11 13 14 18
2 5 6 10 11 14 31
2 5 6 13 22 31
2 5 6 22 44
2 5 6 7 10 13 14 22
2 5 6 7 10 18 31
2 5 6 7 8 11 18 22
2 5 6 7 8 9 10 14 18
2 5 6 7 8 9 11 13 18
2 5 6 7 8 9 11 31
2 5 6 7 9 10 18 22
2 5 6 8 13 14 31
2 5 6 8 14 44
2 5 6 8 9 13 14 22
2 5 6 8 9 18 31
2 5 6 9 10 11 14 22
2 5 6 9 13 44
2 5 7 10 11 13 31
2 5 7 10 11 44
2 5 7 11 14 18 22
2 5 7 8 10 11 14 22
2 5 7 8 13 44
2 5 7 8 9 10 11 13 14
2 5 7 9 10 11 13 22
2 5 7 9 11 13 14 18
2 5 7 9 11 14 31
2 5 8 10 14 18 22
2 5 8 11 13 18 22
2 5 8 11 22 31
2 5 8 9 10 13 14 18
2 5 8 9 10 14 31
2 5 8 9 11 13 31
2 5 8 9 11 44
2 5 9 10 13 18 22
2 5 9 10 22 31
2 5 9 14 18 31
2 6 13 14 44
2 6 18 22 31
2 6 7 10 14 18 22
2 6 7 11 13 18 22
2 6 7 11 22 31
2 6 7 8 10 11 13 22
2 6 7 8 11 13 14 18
2 6 7 8 11 14 31
2 6 7 8 9 11 14 22
2 6 7 9 10 13 14 18
2 6 7 9 10 14 31
2 6 7 9 11 13 31
2 6 7 9 11 44
2 6 8 10 13 18 22
2 6 8 10 22 31
2 6 8 14 18 31
2 6 8 9 10 13 31
2 6 8 9 10 44
2 6 8 9 14 18 22
2 6 9 13 18 31
2 6 9 18 44
2 7 10 11 13 14 22
2 7 10 11 18 31
2 7 8 13 18 31
2 7 8 18 44
2 7 8 9 10 11 14 18
2 7 8 9 13 18 22
2 7 8 9 22 31
2 7 9 10 11 18 22
2 8 11 13 14 31
2 8 11 14 44
2 8 9 11 13 14 22
2 8 9 11 18 31
2 9 10 13 14 31
2 9 10 14 44
2 9 11 13 44
3 10 13 22 31
3 10 22 44
3 13 14 18 31
3 14 18 44
3 5 13 14 44
3 5 18 22 31
3 5 6 10 11 13 31
3 5 6 10 11 44
3 5 6 11 14 18 22
3 5 6 7 13 14 31
3 5 6 7 14 44
3 5 6 7 8 10 18 22
3 5 6 7 8 9 10 13 18
3 5 6 7 8 9 10 31
3 5 6 7 9 13 14 22
3 5 6 7 9 18 31
3 5 6 8 10 11 14 22
3 5 6 8 13 44
3 5 6 8 9 10 11 13 14
3 5 6 9 10 11 13 22
3 5 6 9 11 13 14 18
3 5 6 9 11 14 31
3 5 7 10 14 18 22
3 5 7 11 13 18 22
3 5 7 11 22 31
3 5 7 8 10 11 13 22
3 5 7 8 11 13 14 18
3 5 7 8 11 14 31
3 5 7 8 9 11 14 22
3 5 7 9 10 13 14 18
3 5 7 9 10 14 31
3 5 7 9 11 13 31
3 5 7 9 11 44
3 5 8 10 13 18 22
3 5 8 10 22 31
3 5 8 14 18 31
3 5 8 9 10 13 31
3 5 8 9 10 44
3 5 8 9 14 18 22
3 5 9 13 18 31
3 5 9 18 44
3 6 10 11 13 14 22
3 6 10 11 18 31
3 6 7 10 13 18 22
3 6 7 10 22 31
3 6 7 14 18 31
3 6 7 8 10 13 14 18
3 6 7 8 10 14 31
3 6 7 8 11 13 31
3 6 7 8 11 44
3 6 7 8 9 10 14 22
3 6 7 8 9 11 13 22
3 6 7 9 10 13 31
3 6 7 9 10 44
3 6 7 9 14 18 22
3 6 8 13 18 31
3 6 8 18 44
3 6 8 9 10 11 14 18
3 6 8 9 13 18 22
3 6 8 9 22 31
3 6 9 10 11 18 22
3 7 11 13 14 31
3 7 11 14 44
3 7 8 10 11 18 22
3 7 8 9 10 11 13 18
3 7 8 9 10 11 31
3 7 9 11 13 14 22
3 7 9 11 18 31
3 8 10 13 14 31
3 8 10 14 44
3 8 11 13 44
3 8 9 10 13 14 22
3 8 9 10 18 31
3 9 10 13 44
3 9 13 14 18 22
3 9 14 22 31
5 10 11 13 18 22
5 10 11 22 31
5 11 14 18 31
5 6 10 13 14 31
5 6 10 14 44
5 6 11 13 44
5 6 7 10 11 18 22
5 6 7 8 10 11 14 18
5 6 7 8 13 18 22
5 6 7 8 22 31
5 6 7 8 9 13 31
5 6 7 8 9 44
5 6 7 9 10 11 13 18
5 6 7 9 10 11 31
5 6 8 11 13 14 22
5 6 8 11 18 31
5 6 8 9 11 18 22
5 6 9 10 13 14 22
5 6 9 10 18 31
5 7 10 13 44
5 7 13 14 18 22
5 7 14 22 31
5 7 8 10 13 14 22
5 7 8 10 18 31
5 7 8 9 10 18 22
5 7 9 13 14 31
5 7 9 14 44
5 8 10 11 13 14 18
5 8 10 11 14 31
5 8 13 22 31
5 8 22 44
5 8 9 10 11 14 22
5 8 9 13 44
5 9 10 11 13 31
5 9 10 11 44
5 9 11 14 18 22
6 10 14 18 31
6 11 13 18 31
6 11 18 44
6 7 10 11 13 14 18
6 7 10 11 14 31
6 7 13 22 31
6 7 22 44
6 7 8 13 14 31
6 7 8 14 44
6 7 8 9 13 14 22
6 7 8 9 18 31
6 7 9 10 11 14 22
6 7 9 13 44
6 8 10 11 13 31
6 8 10 11 44
6 8 11 14 18 22
6 8 9 10 11 13 22
6 8 9 11 13 14 18
6 8 9 11 14 31
6 9 10 14 18 22
6 9 11 13 18 22
6 9 11 22 31
7 10 13 18 31
7 10 18 44
7 8 10 14 18 22
7 8 11 13 18 22
7 8 11 22 31
7 8 9 10 13 14 18
7 8 9 10 14 31
7 8 9 11 13 31
7 8 9 11 44
7 9 10 13 18 22
7 9 10 22 31
7 9 14 18 31
8 13 14 44
8 18 22 31
8 9 13 18 31
8 9 18 44
9 10 11 13 14 22
9 10 11 18 31
